#title=acc_z;fps=20;yMax=20;yMin=-20;windowSec=10
8.427999999999999
9.31
9.702
7.154
7.84
2.254
-3.528
-4.1160000000000005
-7.742000000000001
-8.918
-12.985
-17.052
-10.584000000000001
-10.388
-9.996
-10.192
-9.702
-10.388
-10.485999999999999
-10.584000000000001
-10.388
-10.42066667
-10.45333333
-10.485999999999999
-10.437000000000001
-10.388
-10.584000000000001
-10.388
-10.42066667
-10.45333333
-10.485999999999999
-10.388
-10.584000000000001
-10.535
-10.485999999999999
-10.388
-10.485999999999999
-10.388
-10.584000000000001
-10.388
-10.388
-10.388
-10.29
-10.485999999999999
-10.388
-10.388
-10.388
-10.388
-10.485999999999999
-10.584000000000001
-10.388
-10.485999999999999
-10.485999999999999
-10.388
-10.388
-10.485999999999999
-10.388
-10.388
-10.485999999999999
-10.584000000000001
-10.388
-10.192
-10.78
-10.975999999999999
-10.78
-10.192
-10.584000000000001
-9.604
-9.604
-9.865333332999999
-10.12666667
-10.388
-11.074000000000002
-9.898
-10.094
-10.829
-11.564
-10.878
-10.682
-9.604
-11.956
-10.388
-10.388
-7.84
-10.192
-9.408
-10.388
-10.485999999999999
-10.094
-9.702
-10.584000000000001
-9.8
-11.172
-9.604
-9.8
-11.172
-11.368
-8.722000000000001
-4.998
-12.544
-12.02133333
-11.49866667
-10.975999999999999
-10.584000000000001
-10.485999999999999
-10.29
-10.388
-10.388
-10.388
-10.388
-10.388
-10.388
-10.485999999999999
-10.584000000000001
-10.388
-10.388
-10.29
-10.485999999999999
-10.485999999999999
-10.388
-10.388
-10.485999999999999
-10.485999999999999
-10.388
-10.388
-10.388
-10.388
-10.485999999999999
-10.485999999999999
-10.485999999999999
-10.388
-10.29
-10.584000000000001
-10.485999999999999
-10.388
-10.485999999999999
-10.584000000000001
-10.535
-10.485999999999999
-10.437000000000001
-10.388
-10.485999999999999
-10.584000000000001
-10.388
-10.388
-10.29
-10.29
-10.485999999999999
-10.584000000000001
-10.388
-10.584000000000001
-10.485999999999999
-10.584000000000001
-10.388
-10.388
-10.388
-10.485999999999999
-10.388
-10.388
-10.485999999999999
-10.485999999999999
-10.388
-10.485999999999999
-10.388
-10.29
-10.485999999999999
-10.485999999999999
-10.485999999999999
-10.388
-10.388
-10.388
-10.388
-10.485999999999999
-10.388
-10.485999999999999
-10.485999999999999
-10.388
-10.485999999999999
-10.584000000000001
-10.388
-10.485999999999999
-10.485999999999999
-10.584000000000001
-10.388
-10.437000000000001
-10.485999999999999
-10.975999999999999
-11.466
-11.956
-10.584000000000001
-9.212
-10.094
-10.339
-10.584000000000001
-10.388
-10.485999999999999
-10.485999999999999
-10.485999999999999
-7.791
-5.096
-7.791
-10.485999999999999
-12.347999999999999
-10.094
-10.29
-16.66
-11.857999999999999
-7.056
-5.978
-7.154
-8.232000000000001
-6.272
-17.542
-9.506
-8.232000000000001
-8.918
-7.056
-6.272
-7.154
-6.468
-7.154
-6.7620000000000005
-7.546
-7.84
-7.154
-8.232000000000001
-7.154
-7.644
-7.4479999999999995
-6.272
-6.272
-6.1739999999999995
-6.37
-5.096
-6.566
-3.43
-4.2466666669999995
-5.063333333
-5.88
-2.45
-6.664
-0.98
-6.957999999999999
0.588
-4.508
-0.392
3.822
5.782
5.4226666670000006
5.063333333
4.704
3.7239999999999998
0.392
2.842
15.582
-6.86
9.016
-2.6460000000000004
-0.6859999999999999
1.96
-2.842
0.098
11.368
-0.392
-3.136
-1.47
0.49
-2.156
2.156
-5.978
-2.156
-0.392
-2.548
1.3719999999999999
-0.196
0.784
0.196
2.401
4.606
3.822
4.508
3.136
-2.352
4.606
4.508
12.544
7.252000000000001
4.41
5.586
5.194
2.548
0.784
-9.506
7.154
2.6460000000000004
-1.8619999999999999
-2.7439999999999998
-3.332
-1.47
2.352
1.274
0.0
0.0
-2.7439999999999998
7.742000000000001
-4.312
-2.45
-8.82
-0.6859999999999999
-1.764
2.6460000000000004
-9.212
0.6859999999999999
-8.134
-7.4479999999999995
-2.548
-2.156
-5.684
-4.508
-6.957999999999999
-6.125
-5.292000000000001
-6.1739999999999995
-3.43
-2.254
-2.45
-2.401
-2.352
-1.8619999999999999
0.196
-2.6460000000000004
-0.588
-1.176
0.0
-1.078
-0.392
-6.566
-3.332
-1.764
-5.586
-2.548
-1.8619999999999999
-2.548
-3.136
-3.43
-1.764
-0.098
2.254
1.3719999999999999
0.49
2.6460000000000004
0.0
-0.588
-0.392
-0.294
-0.098
-1.764
-4.9
0.98
1.666
4.998
3.332
4.2139999999999995
3.822
2.842
2.548
3.92
3.92
4.802
5.292000000000001
6.0760000000000005
4.998
4.312
5.586
6.37
5.684
6.37
5.096
4.312
6.664
5.292000000000001
5.88
5.4879999999999995
5.39
4.9
4.802
4.704
4.2139999999999995
5.194
4.9
3.528
3.528
4.41
5.194
3.7239999999999998
3.92
4.998
3.332
3.43
2.94
3.822
2.94
4.508
2.352
3.7239999999999998
4.508
4.9
0.098
1.078
-1.666
3.234
0.098
0.784
0.6859999999999999
0.098
0.0
3.234
2.548
1.8619999999999999
1.176
0.49
0.0
-0.098
1.078
0.588
0.098
-0.392
-0.882
-1.3719999999999999
1.274
0.588
0.294
-5.684
0.294
-1.3719999999999999
0.0
-2.156
0.0
-1.764
-4.508
1.078
-1.568
0.0
1.666
-0.196
-1.666
-1.568
0.6859999999999999
0.098
0.49
0.588
1.47
0.392
1.274
1.3719999999999999
0.098
0.49
0.0
1.8619999999999999
0.098
-0.392
1.3719999999999999
0.0
-0.098
1.764
-0.588
-0.294
1.666
-1.3719999999999999
0.588
0.294
-1.176
-0.588
-0.98
-0.196
-1.568
-1.176
-0.784
-0.392
-0.098
-0.49
-0.49
-0.49
-0.49
-0.49
0.98
-2.0580000000000003
-2.156
-2.548
0.098
-1.176
-0.392
-0.098
-0.6859999999999999
0.0
-1.274
-1.715
-2.156
-1.078
0.0
-2.352
-1.274
-2.7439999999999998
-3.43
-3.43
-2.842
-4.606
-5.194
-3.332
-1.47
-0.392
-1.6333333330000002
-2.874666667
-4.1160000000000005
-4.9
-3.6260000000000003
-1.96
-4.1160000000000005
4.41
-0.294
-0.441
-0.588
-3.7239999999999998
-2.548
-1.078
-0.098
-0.392
-0.294
-0.588
-0.392
-0.6859999999999999
-2.156
-4.9
-1.96
-3.136
-4.606
-4.312
6.0760000000000005
-2.548
-2.499
-2.45
-1.96
-1.47
-6.664
-11.466
-5.4879999999999995
-9.898
0.784
0.784
2.7439999999999998
4.704
6.664
-1.078
-0.784
10.388
11.857999999999999
-2.7439999999999998
-1.3719999999999999
-5.39
-1.078
-7.644
-10.485999999999999
-10.29
-9.898
-10.584000000000001
-10.388
-7.252000000000001
-4.508
-12.152000000000001
-10.388
-7.644
-13.328
-6.957999999999999
-11.27
-6.957999999999999
-12.347999999999999
-13.328
-12.25
-8.82
-8.82
-13.132
-6.957999999999999
-8.134
-4.312
-19.992
-7.742000000000001
-8.427999999999999
-9.947000000000001
-11.466
-15.582
-7.546
-11.662
-11.172
-14.112
-3.136
-13.23
-12.152000000000001
-22.246
-7.644
-22.638
