#title=acc_x;fps=20;yMax=20;yMin=-20;windowSec=10
0.0
0.196
0.0
-0.588
-0.784
-2.156
-2.156
-3.7239999999999998
-0.882
-0.882
-2.254
-3.6260000000000003
0.0
0.098
-0.392
-0.49
0.392
0.098
0.098
0.0
0.098
0.130666667
0.163333333
0.196
0.098
0.0
0.098
0.0
0.032666667
0.065333333
0.098
0.196
0.098
0.049
0.0
0.196
0.196
0.098
0.098
0.098
0.0
0.196
0.0
0.098
0.098
0.196
0.0
0.0
0.196
0.098
0.098
0.098
0.0
0.098
0.098
0.0
0.0
0.098
0.098
0.196
0.196
-0.392
-1.078
-1.96
-2.352
-1.176
-1.274
-0.882
-0.392
-0.196
5.55e-17
0.196
0.49
1.274
1.568
1.274
0.98
1.176
0.0
-0.196
0.588
-0.098
-1.3719999999999999
-2.352
-0.98
-0.98
-1.078
-0.098
-1.078
-0.98
-1.3719999999999999
-1.568
0.6859999999999999
-1.078
0.784
0.294
-0.98
-5.096
2.352
-0.784
-0.5226666670000001
-0.261333333
0.0
0.0
0.0
0.0
0.0
0.0
0.0
0.0
0.0
0.0
0.0
0.0
0.0
0.0
0.0
0.0
0.0
0.0
0.0
0.0
0.0
0.0
0.0
0.0
0.0
0.0
0.0
0.0
0.0
0.0
0.0
0.0
0.0
0.0
0.0
0.0
0.0
0.0
0.0
0.0
0.0
0.0
0.0
0.0
0.0
0.0
0.0
0.0
0.0
0.0
0.0
0.0
0.0
0.0
0.0
0.0
0.0
0.0
0.0
0.0
0.0
0.0
0.0
0.0
0.0
0.0
0.0
0.0
0.0
0.0
0.0
0.0
0.0
0.0
0.0
0.0
0.0
0.0
0.098
0.0
0.0
0.0
0.0
0.0
-0.065333333
-0.130666667
-0.196
0.098
0.392
0.392
0.196
0.0
0.0
0.0
0.0
0.0
1.078
2.156
1.176
0.196
-1.3719999999999999
-1.274
-2.45
3.6260000000000003
2.6460000000000004
1.666
1.47
1.764
3.332
2.45
0.6859999999999999
2.7439999999999998
2.548
2.842
2.0580000000000003
2.6460000000000004
3.136
2.7439999999999998
4.018
3.822
3.7239999999999998
3.6260000000000003
3.7239999999999998
3.7239999999999998
3.6260000000000003
4.606
4.998
4.41
4.9
3.7239999999999998
3.332
1.666
2.156
0.6859999999999999
2.1886666669999997
3.691333333
5.194
3.822
5.782
5.096
4.9
17.444000000000003
12.74
6.37
3.7239999999999998
-1.764
-0.261333333
1.241333333
2.7439999999999998
6.7620000000000005
6.86
3.92
3.136
11.564
7.644
4.606
10.878
7.644
10.485999999999999
6.7620000000000005
4.312
10.975999999999999
8.624
9.212
9.996
9.016
9.898
8.33
9.604
10.485999999999999
9.212
9.604
10.192
9.31
8.722000000000001
7.644
6.566
7.35
9.113999999999999
8.526
10.094
5.88
7.252000000000001
3.332
4.312
3.822
2.7439999999999998
3.234
2.7439999999999998
-1.96
0.392
3.7239999999999998
4.655
5.586
6.86
4.018
5.782
9.8
0.294
3.7239999999999998
3.92
-1.96
4.508
12.74
2.6460000000000004
10.192
8.918
2.156
15.582
3.7239999999999998
5.39
5.292000000000001
1.96
1.96
2.94
0.294
2.6460000000000004
4.606
1.568
-1.47
1.96
-0.196
1.8619999999999999
2.352
3.0869999999999997
3.822
6.468
5.39
3.92
5.88
4.9
7.056
8.624
7.644
14.7
4.9
8.232000000000001
6.86
6.7620000000000005
9.113999999999999
7.742000000000001
8.036
8.82
7.84
6.86
9.898
9.506
9.113999999999999
7.84
10.975999999999999
8.33
10.682
9.408
15.68
9.212
12.152000000000001
7.644
12.25
5.586
11.172
3.92
9.702
6.468
9.506
6.7620000000000005
8.134
7.742000000000001
7.4479999999999995
6.272
6.272
7.35
5.4879999999999995
5.978
6.37
8.526
5.096
6.7620000000000005
6.0760000000000005
6.468
7.742000000000001
6.272
6.664
6.957999999999999
7.056
7.644
7.84
6.468
5.684
7.252000000000001
7.056
4.998
7.252000000000001
8.427999999999999
5.096
4.2139999999999995
4.1160000000000005
2.94
3.528
2.7439999999999998
4.802
5.194
7.056
5.194
4.9
6.0760000000000005
-1.274
9.506
17.15
5.88
7.546
8.82
7.84
7.742000000000001
7.4479999999999995
6.272
6.321000000000001
6.37
6.419
6.468
9.31
4.312
7.938
7.7224
7.5068
7.2912
7.0756
6.86
10.78
6.468
6.957999999999999
14.308
6.0760000000000005
6.468
7.252000000000001
11.172
6.468
4.312
10.388
6.86
8.427999999999999
5.684
4.802
6.0760000000000005
10.388
8.722000000000001
8.427999999999999
6.7620000000000005
5.096
4.9
7.644
6.86
6.957999999999999
4.9
7.4479999999999995
5.88
6.957999999999999
4.998
6.664
7.742000000000001
5.684
7.644
6.86
3.528
6.0760000000000005
9.408
6.566
5.586
5.4879999999999995
5.096
9.212
7.056
8.134
6.86
7.644
7.480666667
7.317333333
7.154
9.8
9.016
9.751
10.485999999999999
11.220999999999998
11.956
4.312
9.898
8.232000000000001
11.368
8.624
9.604
8.036
8.036
8.624
8.232000000000001
9.702
7.644
5.586
5.978
6.37
7.644
6.566
9.016
8.036
8.722000000000001
8.134
10.192
9.212
2.254
7.644
7.84
8.068666667
8.297333333
8.526
15.288
9.996
8.918
9.604
4.508
7.4479999999999995
9.996
12.544
8.232000000000001
6.0760000000000005
3.7239999999999998
9.016
6.566
10.78
5.782
2.352
5.292000000000001
8.036
7.84
8.918
7.056
5.978
8.232000000000001
1.3719999999999999
9.996
8.722000000000001
7.4479999999999995
6.468
5.4879999999999995
4.9
15.288
11.76
4.508
6.272
6.664
2.156
-2.352
-6.86
-1.8619999999999999
1.568
-29.105999999999998
-14.895999999999999
-7.742000000000001
-2.0580000000000003
-3.234
-4.606
-1.96
3.136
0.0
-0.098
-0.098
-0.196
-1.078
-3.136
0.392
0.0
-20.482
7.644
-13.328
0.392
-6.272
-2.842
-7.4479999999999995
-3.92
-4.704
-6.37
3.0380000000000003
0.882
5.39
-1.3719999999999999
-4.1160000000000005
8.427999999999999
5.684
-2.254
-10.192
4.2139999999999995
-1.176
0.196
4.1160000000000005
-3.6260000000000003
-2.7439999999999998
4.1160000000000005
8.134
1.47
6.468
6.566
