#title=acc_y;fps=20;yMax=20;yMin=-20;windowSec=10
-0.49
-1.96
-0.392
-5.978
-10.975999999999999
-11.76
-7.154
-7.84
-7.154
-6.0760000000000005
-4.018
-1.96
-1.3719999999999999
-1.078
-0.294
-2.548
-1.568
-1.47
-1.47
-1.3719999999999999
-1.47
-1.4373333330000002
-1.4046666669999999
-1.3719999999999999
-1.3719999999999999
-1.3719999999999999
-1.3719999999999999
-1.3719999999999999
-1.3719999999999999
-1.3719999999999999
-1.3719999999999999
-1.47
-1.3719999999999999
-1.421
-1.47
-1.3719999999999999
-1.47
-1.47
-1.568
-1.3719999999999999
-1.3719999999999999
-1.47
-1.47
-1.47
-1.47
-1.47
-1.47
-1.47
-1.47
-1.47
-1.3719999999999999
-1.3719999999999999
-1.3719999999999999
-1.47
-1.47
-1.47
-1.3719999999999999
-1.47
-1.47
-1.568
-1.568
-0.6859999999999999
-0.98
-1.176
-2.352
0.196
-0.882
-0.392
-0.196
-0.392
-0.588
-0.784
-2.254
-0.6859999999999999
-2.6460000000000004
-3.0869999999999997
-3.528
-2.0580000000000003
-2.548
-1.078
-4.1160000000000005
-1.764
-3.234
-1.176
-3.6260000000000003
-1.568
-2.842
-1.568
-1.666
-2.156
-2.6460000000000004
-0.588
-3.43
-0.6859999999999999
-3.43
-1.568
-1.3719999999999999
2.352
-5.4879999999999995
0.588
-0.065333333
-0.718666667
-1.3719999999999999
-1.666
-1.568
-1.666
-1.568
-1.666
-0.98
-1.666
-1.568
-1.666
-1.764
-1.47
-1.568
-1.568
-1.568
-1.764
-1.666
-1.568
-1.568
-1.666
-1.666
-1.764
-1.698666667
-1.6333333330000002
-1.568
-1.666
-1.764
-1.568
-1.568
-1.568
-1.666
-1.764
-1.666
-1.764
-1.666
-1.6415
-1.617
-1.5925
-1.568
-1.666
-1.666
-1.764
-1.666
-1.666
-1.568
-1.666
-1.568
-1.764
-1.764
-1.568
-1.568
-1.666
-1.568
-1.568
-1.666
-1.666
-1.666
-1.764
-1.568
-1.568
-1.764
-1.764
-1.568
-1.666
-1.666
-1.568
-1.666
-1.666
-1.568
-1.568
-1.666
-1.764
-1.568
-1.666
-1.666
-1.764
-1.666
-1.568
-1.568
-1.666
-1.666
-1.666
-1.617
-1.568
-1.535333333
-1.502666667
-1.47
-1.5190000000000001
-1.568
-1.568
-1.617
-1.666
-1.666
-1.568
-1.617
-1.666
-2.254
-2.842
-2.303
-1.764
-4.312
-0.49
-3.136
-9.8
-10.682
-11.564
-9.212
-7.252000000000001
-4.606
-2.254
-6.272
-4.9
-6.566
-5.096
-5.39
-8.232000000000001
-8.036
-7.938
-9.212
-8.232000000000001
-7.056
-7.056
-8.427999999999999
-5.39
-5.096
-6.37
-7.4479999999999995
-7.84
-8.624
-9.113999999999999
-7.938
-9.31
-7.644
-9.702
-10.094
-10.485999999999999
-10.878
-9.212
-9.8
-10.388
-8.427999999999999
-21.56
-6.86
-6.664
-2.156
0.196
-3.528
-7.252000000000001
-10.975999999999999
-8.918
-9.898
-9.113999999999999
-7.056
-0.98
-5.292000000000001
0.882
-4.41
-1.568
-2.352
-1.274
-8.722000000000001
-2.352
-0.392
-2.156
-1.8619999999999999
-1.078
-3.822
-1.568
1.078
-4.312
-1.274
-1.568
-0.882
-3.92
-5.4879999999999995
-3.8710000000000004
-2.254
-2.94
-1.96
-3.0380000000000003
-3.7239999999999998
-9.898
-9.702
-10.192
-3.136
-4.2139999999999995
-7.546
-8.427999999999999
-3.43
-4.508
-0.49
-14.602
-14.014000000000001
-13.425999999999998
-13.034
-10.388
-14.308
-16.66
-2.45
-5.586
-6.664
-6.86
-8.722000000000001
-9.113999999999999
-7.644
-13.034
-10.192
-10.878
-3.0380000000000003
-10.78
-12.25
-10.192
-9.408
-9.506
-8.918
-12.347999999999999
-7.154
-9.408
-9.947000000000001
-10.485999999999999
-13.328
-9.113999999999999
-4.9
-9.016
-6.7620000000000005
-4.508
-5.4879999999999995
-9.996
-10.584000000000001
-8.427999999999999
-7.644
-6.7620000000000005
-8.918
-5.782
-7.84
-5.4879999999999995
-6.272
-3.43
-7.546
-6.86
-5.978
-3.528
-4.998
-4.361000000000001
-3.7239999999999998
-1.96
-1.568
-1.176
1.176
-0.392
1.078
1.8619999999999999
0.0
-3.234
-2.6460000000000004
-5.39
-1.078
-4.508
-0.98
-6.468
-0.392
-5.292000000000001
-1.96
-4.312
-2.548
-3.92
-3.528
-3.43
-5.782
-4.508
-3.92
-2.156
-3.528
-4.508
-4.018
-3.7239999999999998
-4.41
-4.606
-3.822
-4.704
-3.332
-4.606
-4.508
-4.704
-5.096
-4.312
-4.998
-5.096
-5.292000000000001
-4.9
-7.4479999999999995
-6.664
-7.252000000000001
-7.84
-9.604
-9.016
-8.427999999999999
-9.212
-9.016
-9.31
-9.016
-8.036
-7.644
-7.938
-8.427999999999999
-11.27
-8.82
-4.704
-6.957999999999999
-4.704
-5.292000000000001
-6.0760000000000005
-7.35
-6.664
-10.192
-9.065
-7.938
-6.811
-5.684
-7.644
-4.508
-7.35
-6.9384
-6.5268
-6.1152
-5.7036
-5.292000000000001
-8.918
-4.606
-5.978
-3.7239999999999998
-7.252000000000001
-4.41
-7.546
-8.134
-7.056
-8.134
-9.996
-7.056
-7.252000000000001
-7.938
-6.468
-10.29
-12.74
-4.018
-8.232000000000001
-10.094
-6.86
-5.978
-9.8
-7.546
-9.898
-8.036
-7.742000000000001
-7.4479999999999995
-8.427999999999999
-7.252000000000001
-7.4479999999999995
-7.644
-8.036
-7.84
-8.33
-10.192
-8.232000000000001
-8.036
-6.566
-6.37
-10.78
-6.566
-9.212
-5.88
-8.134
-8.036
-6.86
-6.37
-5.88
-5.39
-5.39
-4.508
-4.263
-4.018
-3.773
-3.528
-4.41
-5.782
-3.332
-3.136
-3.528
-4.312
-4.9
-4.704
-5.096
-5.39
-4.9
-5.978
-7.056
-7.4479999999999995
-7.84
-5.4879999999999995
-7.84
-6.664
-5.4879999999999995
-6.468
-4.1160000000000005
-5.194
-4.312
-3.234
-2.156
-3.136
-2.123333333
-1.110666667
-0.098
-4.312
-1.96
-2.254
3.43
-12.642000000000001
-4.704
-5.4879999999999995
-6.272
-6.1739999999999995
-5.292000000000001
-3.7239999999999998
-8.82
-3.92
-6.468
-5.292000000000001
-7.644
-6.272
-7.154
-8.624
-4.2139999999999995
-5.586
-12.25
-8.624
-4.606
-13.132
-9.702
-6.272
-3.822
-1.3719999999999999
2.45
-4.508
-2.6460000000000004
-3.136
-3.7239999999999998
-6.1739999999999995
-11.074000000000002
-15.974
-20.874000000000002
-2.7439999999999998
-6.272
0.98
-5.978
-0.882
-2.7439999999999998
-2.6460000000000004
-8.918
-1.274
-5.586
-1.666
-1.47
-1.764
-1.568
0.588
-6.664
-1.666
-2.0580000000000003
1.176
-5.978
-2.45
0.49
-3.6260000000000003
0.294
-3.332
-3.136
0.6859999999999999
-3.234
6.86
0.49
1.96
2.45
3.43
1.274
1.764
-0.34299999999999997
-2.45
-0.392
-5.684
-2.94
1.764
-3.7239999999999998
-3.136
-1.96
-1.47
-4.2139999999999995
-4.9
-4.606
